gt_obj.npy  (Nn,)   ############################################
[ 57 154  24  24  24  79 154 135 104]  # categories

[floor wall cabinet cabinet cabinet lamp wall stool pillow]


gt_relationships.npy  (Ne, 3)  ############################################
 [s_id, o_id, pred_category]
[[ 1  0 15]
 [ 2  0 14]
 [ 3  2 17]
 [ 4  0 14]
 [ 6  1 16]
 [ 7  1 16]
 [ 8  1 16]
 [ 6  7  2]
 [ 6  8  6]
 [ 6  8  2]
 [ 7  6  3]
 [ 7  8  3]
 [ 7  8  6]
 [ 8  6  3]
 [ 8  6  6]
 [ 8  7  6]
 [ 8  7  2]]
[[ 2  0 15]
 [ 3  0 15]
 [ 4  0 15]
 [ 1  5  3]
 [ 1  5  6]
 [ 1  5  5]
 [ 2  3  2]
 [ 2  4  6]
 [ 2  4  2]
 [ 3  2  3]
 [ 3  4  3]
 [ 3  4  5]
 [ 4  2  3]
 [ 4  2  6]
 [ 4  3  4]
 [ 4  3  2]
 [ 5  1  4]
 [ 5  1  6]
 [ 5  1  2]
 [ 2  3 11]
 [ 2  4  9]
 [ 3  2 10]
 [ 4  2  8]]
[[ 2  0 15]
 [ 3  2 15]
 [ 5  6  3]
 [ 5  6  6]
 [ 5  6  4]
 [ 5  7  3]
 [ 5  7  4]
 [ 5  8  3]
 [ 6  5  5]
 [ 6  5  6]
 [ 6  5  2]
 [ 6  7  3]
 [ 6  7  5]
 [ 6  8  3]
 [ 6  8  4]
 [ 7  5  5]
 [ 7  5  2]
 [ 7  6  4]
 [ 7  6  2]
 [ 7  8  4]
 [ 7  8  6]
 [ 7  8  2]
 [ 8  5  2]
 [ 8  6  5]
 [ 8  6  2]
 [ 8  7  3]
 [ 8  7  6]
 [ 8  7  5]
 [ 1  2  8]
 [ 2  1  9]
 [ 5  6 10]
 [ 6  5 11]
 [ 6  8 11]
 [ 8  6 10]]
[[ 1  0 14]
 [ 2  0 15]
 [ 3  1 14]
 [ 5  0 15]
 [ 6  0 14]
 [ 7  0 15]
 [ 4  1 14]
 [ 2  5  3]
 [ 2  5  4]
 [ 2  7  3]
 [ 5  2  5]
 [ 5  2  2]
 [ 5  7  3]
 [ 5  7  6]
 [ 5  7  5]
 [ 7  2  2]
 [ 7  5  4]
 [ 7  5  6]
 [ 7  5  2]
 [ 2  3  9]
 [ 2  4  9]
 [ 3  2  8]
 [ 3  4 11]
 [ 4  2  8]
 [ 4  3 10]]


pointcloud_1024_ins.npy   (Nn, 1024,3) ############################################

[[[-2.240565    0.12999997 -1.25285506]
  [ 3.01061493  2.96999991 -1.299335  ]
  [ 0.05943507 -4.00797999 -1.21933496]
  ...
  [ 2.91943508  3.05000007 -1.30181503]
  [ 2.85943514  2.7299999  -1.322945  ]
  [-1.12056497 -0.85000002 -1.25335503]]

 [[-1.30056497  1.64999998 -0.87679505]
  [ 0.79943496  2.63761008 -1.23933506]
  [-1.50056498  3.3263799  -0.51933503]
  ...
  [ 0.33943504  2.53000009 -0.56091803]
  [ 0.38580507  1.88999999 -0.69933504]
  [-1.34056497  2.40676987 -0.69933504]]

 [[-1.80056494  2.85000002 -0.23602101]
  [-2.40056497  1.06999999 -1.23909497]
  [-1.64056498  3.29756987  1.34066498]
  ...
  [-2.10056496  1.87       -0.85916495]
  [-2.16056496  1.43693995 -0.11933503]
  [-1.91637599  2.02999997 -0.47933501]]

 ...

 [[-1.88056499  1.66999996 -0.54447204]
  [-1.88056499  1.68999994 -0.53651303]
  [-1.94056499  1.70999992 -0.53283304]
  ...
  [-2.00056499  1.78857994 -0.57933503]
  [-1.96056497  1.78999996 -0.58308804]
  [-2.008048    1.80999994 -0.59933501]]

 [[-1.58432797  2.40999997 -0.59933501]
  [-1.56056497  2.42999995 -0.63052201]
  [-1.57444596  2.42999995 -0.59933501]
  ...
  [-1.58331898  2.23000002 -0.81933498]
  [-1.58056498  2.21349001 -0.71933502]
  [-1.56056497  2.20560002 -0.739335  ]]

 [[-1.78056496  2.00999999 -0.47084004]
  [-1.78056496  1.78999996 -0.95929503]
  [-1.58557698  2.20999992 -0.83933496]
  ...
  [-1.78056496  2.00999999 -0.47084004]
  [-1.78056496  2.00999999 -0.47084004]
  [-1.78056496  2.00999999 -0.47084004]]]
[[[-2.240565    0.12999997 -1.02628708]
  [ 3.01061493  2.96999991 -1.07276702]
  [ 0.05943507 -4.00797999 -0.99276698]
  ...
  [ 2.91943508  3.05000007 -1.07524705]
  [ 2.85943514  2.7299999  -1.09637702]
  [-1.12056497 -0.85000002 -1.02678704]]

 [[-2.07690299  1.66999996  1.10723299]
  [-2.27105492  1.38999999 -0.11276704]
  [-2.06056499  1.71595001  0.42723297]
  ...
  [-2.07690299  1.66999996  1.10723299]
  [-2.07690299  1.66999996  1.10723299]
  [-2.07690299  1.66999996  1.10723299]]

 [[-0.30056494 -0.51000005 -0.593647  ]
  [-0.65538198 -0.81000006 -1.01276708]
  [-0.28056496 -0.97000003 -0.633587  ]
  ...
  [-0.30056494 -0.51000005 -0.593647  ]
  [-0.30056494 -0.51000005 -0.593647  ]
  [-0.30056494 -0.51000005 -0.593647  ]]

 ...

 [[-0.22056502 -0.99653006 -0.87276697]
  [ 0.15943497 -1.07000005 -0.24461102]
  [-0.27241999 -1.59000003 -0.75276709]
  ...
  [-0.22056502 -0.99653006 -0.87276697]
  [-0.22056502 -0.99653006 -0.87276697]
  [-0.22056502 -0.99653006 -0.87276697]]

 [[-2.22056496  1.14370298  0.86723298]
  [-2.31195492  1.31       -0.13276702]
  [-2.16465396  1.44999993  0.42723297]
  ...
  [-2.22056496  1.14370298  0.86723298]
  [-2.22056496  1.14370298  0.86723298]
  [-2.22056496  1.14370298  0.86723298]]

 [[-1.68056497  1.395239   -0.43276703]
  [-1.76056498  1.38999999 -0.39797604]
  [-1.78056496  1.34904897 -0.43276703]
  ...
  [-1.58056498  1.44743001 -0.45276701]
  [-1.49115397  1.49000001 -0.47276706]
  [-1.58056498  1.44743001 -0.45276701]]]
[[[-2.240565    0.12999997 -1.17310706]
  [ 3.01061493  2.96999991 -1.219587  ]
  [ 0.05943507 -4.00797999 -1.13958696]
  ...
  [ 2.91943508  3.05000007 -1.22206703]
  [ 2.85943514  2.7299999  -1.24319699]
  [-1.12056497 -0.85000002 -1.17360702]]

 [[ 1.28219491  0.16999997  1.20041302]
  [ 1.85943514  1.61343992  0.160413  ]
  [ 1.03943497 -0.67702007  0.160413  ]
  ...
  [ 1.28219491  0.16999997  1.20041302]
  [ 1.28219491  0.16999997  1.20041302]
  [ 1.28219491  0.16999997  1.20041302]]

 [[ 1.61405498  1.04999995 -0.67958704]
  [ 1.18013507 -0.79000008 -1.15958706]
  [ 1.10948497  0.14999998 -0.719587  ]
  ...
  [ 1.61405498  1.04999995 -0.67958704]
  [ 1.61405498  1.04999995 -0.67958704]
  [ 1.61405498  1.04999995 -0.67958704]]

 ...

 [[-0.120565    2.50777996 -0.659587  ]
  [-0.14056498  2.49794996 -0.67958704]
  [-0.12836498  2.48999989 -0.67958704]
  ...
  [-0.56056499  2.68999994 -0.57569799]
  [-0.54056495  2.70999992 -0.57861599]
  [-0.50056499  2.66999996 -0.58105299]]

 [[-1.31396317  2.48999989 -0.55958703]
  [-1.34056497  2.53000009 -0.51240799]
  [-1.36056498  2.4655     -0.53958699]
  ...
  [-1.07377598  2.42999995 -0.63958701]
  [-1.00056496  2.49094999 -0.59958699]
  [-1.20056497  2.37388992 -0.63958701]]

 [[-1.30056497  2.98999989 -0.51931801]
  [-1.30056497  2.98999989 -0.51931801]
  [-1.26056497  2.98999989 -0.509864  ]
  ...
  [-1.18056497  2.85000002 -0.470009  ]
  [-1.18056497  2.87       -0.46742502]
  [-1.21932457  2.88999999 -0.47958699]]]
[[[-2.32056516  0.12999997 -1.26611006]
  [ 2.93061477  2.96999991 -1.31259   ]
  [-0.02056509 -4.00797999 -1.23258996]
  ...
  [ 2.83943492  3.05000007 -1.31507003]
  [ 2.77943498  2.7299999  -1.3362    ]
  [-1.20056513 -0.85000002 -1.26661003]]

 [[-1.40056514  3.40008008  0.04740998]
  [ 1.33943492  2.48999989 -1.26427007]
  [ 0.97943479  2.63        1.35391998]
  ...
  [ 1.05943495  2.53129995  1.28741002]
  [-0.65873516  3.14999998 -0.03259002]
  [-1.23202114  3.35000002 -0.15259001]]

 [[ 1.64549476  1.38999999 -0.41259003]
  [ 1.79943496  1.64644992 -1.27259004]
  [ 1.55766493  1.08999997 -0.99259007]
  ...
  [ 1.64549476  1.38999999 -0.41259003]
  [ 1.64549476  1.38999999 -0.41259003]
  [ 1.64549476  1.38999999 -0.41259003]]

 ...

 [[ 2.95943481  3.16305006  0.02740999]
  [ 2.53943497  3.29000008 -1.29267001]
  [ 2.63943487  3.66999996 -0.56318301]
  ...
  [ 2.95943481  3.16305006  0.02740999]
  [ 2.95943481  3.16305006  0.02740999]
  [ 2.95943481  3.16305006  0.02740999]]

 [[ 0.53943485  2.11000001 -0.86484003]
  [ 0.87943488  1.83691001 -1.27259004]
  [ 0.75943476  1.75476992 -0.87259007]
  ...
  [ 0.53943485  2.11000001 -0.86484003]
  [ 0.53943485  2.11000001 -0.86484003]
  [ 0.53943485  2.11000001 -0.86484003]]

 [[ 0.09943491  2.24251997 -0.75259   ]
  [ 0.07943481  2.24388993 -0.73259002]
  [ 0.07943481  2.24152994 -0.77259004]
  ...
  [ 0.17678481  2.18999994 -0.83258998]
  [ 0.09125489  2.23000002 -0.85258996]
  [ 0.05943483  2.24186993 -0.81259   ]]]

